 0.01126048 0.0005644765 -0.007676305 0.003486049 0.002016486
 0.008597166 -0.0006316528 -0.003547944 -0.009114498 0.006715497
 -0.001016211 -0.004136461 -0.004746691 -0.004682504 0.007085917
 0.1075471 0.002538857 -0.007714245 -0.007058706 0.006875005
 0.006035206 -0.009814803 -0.0004196987 -0.007702474 0.004860484
 0.1139641 0.002459921 -0.008502895 0.007864334 0.008236026
 0.1204003 -0.0003168834 -0.0004542693 -0.002926131 0.005863189


 0.7311385 0.002007896 -0.007794084 -0.003726894
 0.6925318 0.003374748 -0.006319084 0.007483492
 0.6920118 -0.003045126 -0.0009437902 -0.001206593
 0.6864367 0.009568425 0.003713655 -0.002828771
 0.6930527 -0.003868121 -0.006078864 0.009973781


 -0.5746186 -0.5832337 -0.5736321 -1.929867 -0.5785407 -1.922753
 -0.4662991 -0.4631437 -0.4691684 -1.517622 -0.4715805 -1.524002
 -0.4614146 -0.4668064 -0.4691116 -1.508915 -0.4771452 -1.514375
 -0.4759316 -0.4665439 -0.4623822 -1.525538 -0.4833354 -1.522686


