 0.007036479 0.0005644765 -0.007676305 0.003486049 0.002016486
 0.008584661 -0.0006316528 -0.003547944 -0.009114498 0.006715497
 -0.0008874759 -0.004136461 -0.004746691 -0.004682504 0.007085917
 -0.006826939 0.002538857 -0.007714245 -0.007058706 0.006875005
 0.00512033 -0.009814803 -0.0004196987 -0.007702474 0.004860484
 0.004090989 0.002459921 -0.008502895 0.007864334 0.008236026
 0.0060226 -0.0003168834 -0.0004542693 -0.002926131 0.005863189


 0.000721639 0.002007896 -0.007794084 -0.003726894
 -0.0001987973 0.003374748 -0.006319084 0.007483492
 0.006560387 -0.003045126 -0.0009437902 -0.001206593
 -0.003915282 0.009568425 0.003713655 -0.002828771
 -0.005276568 -0.003868121 -0.006078864 0.009973781


 0.003244819 -0.008685332 0.005252416 0.002860896 0.00923425 -0.007734105
 0.002178622 0.0027042 0.0001330553 0.007943444 0.004734053 4.841015E-05
 0.004046826 -0.003957914 -0.00283121 0.006806692 -0.003897437 -0.0001520477
 -0.007263387 -0.0005062399 0.007111048 0.0006385501 -0.006826753 0.001977541


